[gd_scene load_steps=8 format=2]

[ext_resource path="res://Spatial.gd" type="Script" id=1]
[ext_resource path="res://Platform Objects/BlockLarge.tscn" type="PackedScene" id=2]
[ext_resource path="res://Platform Objects/Bridge.tscn" type="PackedScene" id=3]
[ext_resource path="res://Character.tscn" type="PackedScene" id=4]

[sub_resource type="SpatialMaterial" id=1]
albedo_color = Color( 0.286275, 0.501961, 0.0470588, 1 )

[sub_resource type="PlaneMesh" id=2]
material = SubResource( 1 )
size = Vector2( 10, 10 )

[sub_resource type="ConvexPolygonShape" id=3]
points = PoolVector3Array( 5, 0, 5, -5, 0, 5, 5, 0, -5, -5, 0, -5 )

[node name="Spatial" type="Spatial"]
script = ExtResource( 1 )

[node name="Ground" type="StaticBody" parent="."]

[node name="MeshInstance" type="MeshInstance" parent="Ground"]
mesh = SubResource( 2 )
material/0 = null

[node name="CollisionShape" type="CollisionShape" parent="Ground"]
shape = SubResource( 3 )

[node name="CameraHub" type="Spatial" parent="."]

[node name="Camera" type="Camera" parent="CameraHub"]
transform = Transform( 1, 0, 0, 0, 0.65654, 0.754291, 0, -0.754291, 0.65654, 0.306664, 7.6918, 6.89427 )

[node name="DirectionalLight" type="DirectionalLight" parent="."]
transform = Transform( 0.984808, -0.150384, -0.0868241, 0.173648, 0.852869, 0.492404, 0, -0.5, 0.866025, 0, 6, 0 )
shadow_enabled = true

[node name="BlockLarge" parent="." instance=ExtResource( 2 )]
transform = Transform( 1, 0, 0, 0, 1, 0, 0, 0, 1, 0.13777, 0.967395, 0 )

[node name="BlockLarge3" parent="." instance=ExtResource( 2 )]
transform = Transform( 1, 0, 0, 0, 1, 0, 0, 0, 1, 2.12447, 0.967395, 0 )

[node name="BlockLarge4" parent="." instance=ExtResource( 2 )]
transform = Transform( 1, 0, 0, 0, 1, 0, 0, 0, 1, 2.12447, 0.967395, 1.98101 )

[node name="BlockLarge5" parent="." instance=ExtResource( 2 )]
transform = Transform( 1, 0, 0, 0, 1, 0, 0, 0, 1, 1.96527, -0.20777, 5.16881 )

[node name="BlockLarge2" parent="." instance=ExtResource( 2 )]
transform = Transform( 1, 0, 0, 0, 1, 0, 0, 0, 1, -3.64895, 0.0544188, -0.0375917 )

[node name="Bridge" parent="." instance=ExtResource( 3 )]
transform = Transform( 0.897732, -0.440543, 0, 0.440543, 0.897732, 0, 0, 0, 1, -1.29699, 0.16661, -0.268358 )

[node name="Bridge2" parent="." instance=ExtResource( 3 )]
transform = Transform( 0.898516, -0.43894, 0, 0.43894, 0.898516, 0, 0, 0, 1, -0.417118, 0.600388, -0.268358 )

[node name="Bridge3" parent="." instance=ExtResource( 3 )]
transform = Transform( 0.0726813, 0.00542301, -0.997341, -0.604357, 0.795723, -0.0397159, 0.793392, 0.605636, 0.0611117, 2.5263, 1.07869, 1.61089 )

[node name="Bridge4" parent="." instance=ExtResource( 3 )]
transform = Transform( 0.0726813, 0.00542301, -0.997341, -0.585091, 0.810066, -0.0382339, 0.807704, 0.586314, 0.0620496, 2.5263, 0.591463, 2.24261 )

[node name="Character" parent="." instance=ExtResource( 4 )]
transform = Transform( 1, 0, 0, 0, 1, 0, 0, 0, 1, 2.9341, 1.39224, 4.7049 )
